0.000000
0.006167
0.012334
0.018501
0.020979
0.020979
0.020979
0.020979
0.020979
0.020979
0.020979
0.020979
0.020979
0.020979
0.020979
0.020979
0.020979
0.020979
0.020979
0.020979
0.020979
0.020979
0.020979
0.020979
0.020979
0.020979
0.020979
0.020979
0.020979
0.020979
0.020979
0.020979
0.020979
0.020979
0.020979
0.020979
0.020979
0.025382
0.027972
0.027972
0.027972
0.026873
0.020979
0.020979
0.020979
0.020979
0.020979
0.020979
0.020979
0.020979
0.020979
0.020979
0.020979
0.020979
0.020979
0.020979
0.020979
0.020979
0.020979
0.020979
0.020979
0.020979
0.020979
0.020979
0.020979
0.020979
0.020979
0.021581
0.027748
0.027972
0.027972
0.027972
0.027972
0.027972
0.027972
0.027972
0.028133
0.034300
0.040467
0.046634
0.052801
0.058968
0.062937
0.064309
0.070476
0.076643
0.082810
0.083916
0.100856
0.118706
0.136206
0.162631
0.191604
0.210000
0.222334
0.234668
0.247002
0.259336
0.268702
0.277011
0.288029
0.294686
0.307020
0.313523
0.324695
0.337029
0.349363
0.364224
0.379323
0.386365
0.398797
0.423465
0.437353
0.445123
0.451290
0.457457
0.465710
0.476784
0.483385
0.495719
0.508054
0.520388
0.528599
0.534766
0.540933
0.547100
0.553267
0.559434
0.565601
0.571768
0.577935
0.587784
0.600118
0.610422
0.616589
0.622756
0.628923
0.635090
0.636364
0.640431
0.646598
0.652765
0.657343
0.658106
0.664273
0.670440
0.676607
0.682774
0.688941
0.695108
0.701275
0.707442
0.713287
0.713287
0.718950
0.720280
0.724291
0.727273
0.729632
0.734266
0.734973
0.741140
0.741259
0.741259
0.741259
0.744829
0.748252
0.748252
0.749344
0.755511
0.761678
0.762238
0.767019
0.773186
0.779353
0.785520
0.791687
0.797854
0.804021
0.828164
0.827002
0.825175
0.828689
0.832168
0.834030
0.840197
0.846364
0.852531
0.853147
0.853147
0.857046
0.860140
0.860140
0.861561
0.867133
0.867133
0.867133
0.872243
0.874126
0.877584
0.883751
0.889918
0.896085
0.902098
0.902098
0.907593
0.909091
0.909091
0.906074
0.902098
0.900733
0.894566
0.888399
0.888112
0.883058
0.881119
0.881119
0.883695
0.889862
0.896029
0.902294
0.914628
0.926962
0.934683
0.940850
0.947017
0.953184
0.959351
0.965518
0.971685
0.989500
0.988009
0.986014
0.989360
0.993007
0.993007
0.993007
0.993007
0.993007
0.993007
0.988450
0.986014
0.986014
0.986014
0.986014
0.986014
0.986014
0.986014
0.986014
0.981898
0.975731
0.972028
0.970390
0.963411
0.951077
0.944896
0.944056
0.944056
0.944056
0.944056
0.944056
0.947647
0.965406
0.971573
0.994876
0.995114
0.993007
0.993007
0.993007
0.994589
1.000000
1.000000
1.000000
1.000000
1.000000
1.000000
1.000000
0.998033
0.991866
0.986014
0.986014
0.980358
0.979021
0.975017
0.972028
0.972028
0.973554
0.979021
0.979021
0.979021
0.984236
0.986014
0.986014
0.986014
0.984103
0.977936
0.972028
0.972028
0.966428
0.965035
0.965035
0.965035
0.965035
0.965035
0.965035
0.965035
0.965035
0.965035
0.965035
0.965035
0.965035
0.963180
0.958042
0.957839
0.951672
0.951049
0.946331
0.940164
0.937063
0.934823
0.928656
0.923077
0.923077
0.917148
0.916084
0.916084
0.916084
0.916084
0.917883
0.923077
0.923077
0.923077
0.923077
0.923077
0.923077
0.920067
0.913900
0.909091
0.908559
0.902392
0.896225
0.890058
0.888112
0.888112
0.888112
0.886369
0.881119
0.881119
0.881119
0.881119
0.876513
0.870346
0.864179
0.860140
0.858838
0.853147
0.853147
0.853147
0.848156
0.846154
0.842815
0.839161
0.837474
0.832168
0.832133
0.825966
0.825175
0.825175
0.825175
0.825175
0.825175
0.825175
0.825175
0.825175
0.825175
0.825175
0.825175
0.825175
0.825175
0.823544
0.818182
0.818182
0.812036
0.805869
0.799702
0.793535
0.790210
0.788194
0.783217
0.782853
0.776686
0.776224
0.776224
0.776224
0.772997
0.769231
0.767656
0.761489
0.755322
0.755245
0.749981
0.748252
0.744640
0.738473
0.732306
0.727273
0.726965
0.720798
0.714631
0.708464
0.702297
0.696130
0.692308
0.692308
0.691615
0.685448
0.685315
0.680107
0.673940
0.671329
0.668599
0.662432
0.657343
0.657091
0.650924
0.644757
0.643357
0.639416
0.636364
0.634075
0.629371
0.628734
0.622567
0.622378
0.622378
0.622378
0.622378
0.619704
0.615385
0.614363
0.608392
0.608392
0.602855
0.596688
0.590521
0.584354
0.578187
0.572020
0.566434
0.566434
0.560512
0.554345
0.548178
0.545455
0.542837
0.536670
0.530503
0.524336
0.518169
0.512002
0.505835
0.503497
0.503497
0.503497
0.503497
0.503497
0.503497
0.503497
0.503497
0.499282
0.493115
0.486948
0.482517
0.481607
0.475524
0.475524
0.470099
0.468531
0.464758
0.461538
0.461538
0.462833
0.468531
0.468531
0.468531
0.468531
0.468531
0.465199
0.461538
0.459858
0.453691
0.447552
0.447552
0.442183
0.436016
0.433566
0.430675
0.426573
0.426573
0.426160
0.419993
0.419580
0.414652
0.412587
0.412587
0.410137
0.405594
0.404796
0.398629
0.398601
0.393288
0.391608
0.387947
0.381780
0.377622
0.376439
0.370272
0.364105
0.363636
0.363636
0.359590
0.356643
0.356643
0.356643
0.357385
0.363552
0.363636
0.363636
0.363636
0.363636
0.363636
0.363636
0.362509
0.356643
0.356643
0.351001
0.349650
0.349650
0.349650
0.349650
0.349650
0.349650
0.349650
0.343623
0.342657
0.342657
0.339108
0.335664
0.333767
0.327600
0.321678
0.321678
0.316092
0.309925
0.307692
0.304584
0.300699
0.299243
0.293706
0.293706
0.287735
0.286713
0.286713
0.283220
0.279720
0.279720
0.279720
0.279720
0.279720
0.279720
0.275016
0.272727
0.272727
0.272727
0.272727
0.272153
0.265986
0.265734
0.265734
0.265734
0.265734
0.265734
0.265734
0.264775
0.258741
0.258741
0.253267
0.251748
0.247926
0.244755
0.242585
0.237762
0.237762
0.237762
0.237762
0.232729
0.230769
0.230769
0.228214
0.223776
0.222873
0.216706
0.210539
0.209790
0.205198
0.202797
0.199857
0.195804
0.195804
0.195804
0.195804
0.195804
0.195804
0.195804
0.195804
0.195804
0.194131
0.188811
0.188790
0.182623
0.181818
0.181818
0.178108
0.174825
0.172767
0.167832
0.167832
0.167832
0.167832
0.162911
0.160839
0.160839
0.160839
0.160839
0.160839
0.160839
0.154707
0.153846
0.153846
0.150192
0.146853
0.144851
0.139860
0.139510
0.133343
0.132867
0.132867
0.132867
0.132867
0.130480
0.125874
0.125874
0.125874
0.125874
0.125874
0.125874
0.125874
0.125874
0.125874
0.125874
0.125874
0.125874
0.125874
0.125874
0.121891
0.118881
0.118881
0.117376
0.111888
0.111888
0.111888
0.106694
0.104895
0.104895
0.104895
0.103005
0.097902
0.097902
0.097902
0.097902
0.097902
0.097902
0.097902
0.097902
0.097902
0.097902
0.097902
0.097902
0.097902
0.097902
0.097902
0.095242
0.090909
0.090909
0.090909
0.090909
0.090909
0.086212
0.083916
0.083916
0.083916
0.083916
0.083916
0.083916
0.083916
0.083916
0.083916
0.083916
0.083916
0.083916
0.083916
0.083916
0.083916
0.083916
0.083916
0.080101
0.076923
0.076923
0.076923
0.076923
0.076923
0.071071
0.069930
0.069930
0.069930
0.069930
0.069930
0.069930
0.069930
0.069930
0.069930
0.069930
0.069930
0.066997
0.062937
0.062937
0.062937
0.062937
0.062937
0.062937
0.062937
0.062937
0.062937
0.062937
0.062937
0.062937
0.062937
0.062937
0.058408
0.055944
0.055944
0.055944
0.055944
0.055944
0.055944
0.055944
0.055944
0.055944
0.055944
0.055944
0.055944
0.055944
0.055944
0.055944
0.055944
0.055944
0.055944
0.055944
0.055944
0.055944
0.055944
0.055944
0.055944
0.055944
0.055944
0.055944
0.055944
0.055944
0.055216
0.049049
0.048951
0.048951
0.048951
0.048951
0.048951
0.048951
0.048951
0.048951
0.048951
0.048951
0.048951
0.048951
0.048951
0.048951
0.048951
0.048951
0.048951
0.048951
0.048951
0.044590
0.041958
0.041958
0.041958
0.040901
0.034965
0.034965
0.034965
0.034965
0.034965
0.034965
0.037233
0.041958
0.041958
0.041958
0.041958
0.041958
0.037653
0.034965
0.034965
0.034965
0.034965
0.034965
0.034965
0.034965
0.034965
0.034965
0.034965
0.034965
0.034965
0.034965
0.034965
0.034965
0.029890
0.027972
0.027972
0.027972
0.027972
0.027972
0.027972
0.027972
0.027972
0.027972
0.027972
0.027972
0.027972
0.027972
0.027972
0.027972
0.027972
0.027972
0.027972
0.027972
0.027972
0.027972
0.027972
0.027972
0.027972
0.027972
0.027972
0.027972
0.027972
0.027972
0.027972
0.027972
0.027972
0.027972
0.027972
0.027972
0.027972
0.027972
0.027972
0.027972
0.027972
0.027972
0.027972
0.027972
0.027972
0.027972
0.027972
0.027972
0.027972
0.027972
0.027972
0.027972
0.027972
0.027972
0.027972
0.027972
0.027972
0.027972
0.027972
0.027972
0.027972
0.027972
0.027972
0.027972
0.027972
0.027972
0.027972
0.027972
0.027972
0.023947
0.020979
0.020979
0.020979
0.020979
0.020979
0.020979
0.020979
0.020979
0.020979
0.020979
0.020979
0.020979
0.020979
0.020979
0.020979
0.020979
0.020979
0.020979
0.020979
0.020979
0.020979
0.020979
0.020979
0.020979
0.020979
0.020979
0.020979
0.020979
0.020979
0.020979
0.020979
0.020979
0.020979
0.020979
0.020979
0.020979
0.020979
0.020979
0.020979
0.020979
0.020979
0.020979
0.020979
0.020979
0.020979
0.020979
0.020979
0.020979
0.020979
0.020979
0.020979
0.020979
0.020979
0.020979
0.020979
0.020979
0.020979
0.020979
0.020979
0.020979
0.020979
0.020979
0.020979
0.020979
0.020979
0.020979
0.020979
0.020979
0.020979
0.020979
0.020979
0.020979
0.020979
0.020979
0.020979
0.020979
0.020979
0.020979
0.020979
0.020979
0.020979
0.020979
0.020979
0.020979
0.020979
0.020979
0.020979
0.020979
0.020979
0.020979
0.020979
0.020979
0.020979
0.020979
0.020979
0.020979
0.021805
0.027972
